23 12 1242 648
[100, 200, 200]
[100, 200, 200]
[100, 200, 200]
[100, 200, 200]
(51, 102, 255)
(51, 102, 255)
(51, 102, 255)
(51, 102, 255)
(51, 102, 255)
(51, 102, 255)
(51, 102, 255)
(51, 102, 255)
[100, 200, 200]
[100, 200, 200]
[100, 200, 200]
[100, 200, 200]
(51, 102, 255)
(51, 102, 255)
(51, 102, 255)
(51, 102, 255)
(51, 102, 255)
(51, 102, 255)
(51, 102, 255)
(51, 102, 255)
[100, 200, 200]
[100, 200, 200]
[100, 200, 200]
[100, 200, 200]
(51, 102, 255)
(51, 102, 255)
(51, 102, 255)
(51, 102, 255)
(51, 102, 255)
(51, 102, 255)
(51, 102, 255)
(51, 102, 255)
[100, 200, 200]
[100, 200, 200]
[100, 200, 200]
[100, 200, 200]
[100, 200, 200]
(51, 102, 255)
(51, 102, 255)
(51, 102, 255)
(51, 102, 255)
(51, 102, 255)
(51, 102, 255)
(51, 102, 255)
[100, 200, 200]
[100, 200, 200]
[100, 200, 200]
[100, 200, 200]
[100, 200, 200]
[100, 200, 200]
(51, 102, 255)
(255, 102, 0)
(255, 102, 0)
(255, 102, 0)
(255, 102, 0)
(51, 102, 255)
[100, 200, 200]
[100, 200, 200]
[100, 200, 200]
[100, 200, 200]
[100, 200, 200]
[100, 200, 200]
(51, 102, 255)
(51, 102, 255)
(255, 102, 0)
(255, 102, 0)
(51, 102, 255)
(51, 102, 255)
[100, 200, 200]
[100, 200, 200]
[100, 200, 200]
[100, 200, 200]
[100, 200, 200]
(51, 102, 255)
(51, 102, 255)
(51, 102, 255)
(0, 0, 0)
(255, 102, 0)
(51, 102, 255)
(51, 102, 255)
[100, 200, 200]
[100, 200, 200]
[100, 200, 200]
[100, 200, 200]
(51, 102, 255)
(51, 102, 255)
(51, 102, 255)
(51, 102, 255)
(51, 102, 255)
(51, 102, 255)
(51, 102, 255)
(51, 102, 255)
[100, 200, 200]
[100, 200, 200]
[100, 200, 200]
[100, 200, 200]
(51, 102, 255)
(51, 102, 255)
(51, 102, 255)
(51, 102, 255)
(51, 102, 255)
(51, 102, 255)
(51, 102, 255)
(51, 102, 255)
[100, 200, 200]
[100, 200, 200]
[100, 200, 200]
[100, 200, 200]
(51, 102, 255)
(51, 102, 255)
(51, 102, 255)
(51, 102, 255)
(51, 102, 255)
(51, 102, 255)
(51, 102, 255)
(51, 102, 255)
[100, 200, 200]
[100, 200, 200]
[100, 200, 200]
[100, 200, 200]
(51, 102, 255)
(51, 102, 255)
(51, 102, 255)
(51, 102, 255)
(51, 102, 255)
(51, 102, 255)
(51, 102, 255)
(51, 102, 255)
[100, 200, 200]
[100, 200, 200]
[100, 200, 200]
[100, 200, 200]
(51, 102, 255)
(51, 102, 255)
(51, 102, 255)
(51, 102, 255)
(51, 102, 255)
(51, 102, 255)
(51, 102, 255)
(51, 102, 255)
[100, 200, 200]
[100, 200, 200]
[100, 200, 200]
[100, 200, 200]
[100, 200, 200]
[100, 200, 200]
(51, 102, 255)
(51, 102, 255)
(51, 102, 255)
(51, 102, 255)
(51, 102, 255)
(51, 102, 255)
[100, 200, 200]
[100, 200, 200]
[100, 200, 200]
[100, 200, 200]
[100, 200, 200]
[100, 200, 200]
(51, 102, 255)
(51, 102, 255)
(51, 102, 255)
(51, 102, 255)
(51, 102, 255)
(51, 102, 255)
[100, 200, 200]
[100, 200, 200]
[100, 200, 200]
[100, 200, 200]
[100, 200, 200]
[100, 200, 200]
(51, 102, 255)
(51, 102, 255)
(51, 102, 255)
(51, 102, 255)
(51, 102, 255)
(51, 102, 255)
[100, 200, 200]
[100, 200, 200]
[100, 200, 200]
[100, 200, 200]
[100, 200, 200]
(51, 102, 255)
(51, 102, 255)
(51, 102, 255)
(51, 102, 255)
(51, 102, 255)
(51, 102, 255)
(51, 102, 255)
[100, 200, 200]
[100, 200, 200]
[100, 200, 200]
[100, 200, 200]
(51, 102, 255)
(51, 102, 255)
(51, 102, 255)
(51, 102, 255)
(51, 102, 255)
(51, 102, 255)
(51, 102, 255)
(51, 102, 255)
[100, 200, 200]
[100, 200, 200]
[100, 200, 200]
[100, 200, 200]
(51, 102, 255)
(51, 102, 255)
(51, 102, 255)
(51, 102, 255)
(51, 102, 255)
(51, 102, 255)
(51, 102, 255)
(51, 102, 255)
[100, 200, 200]
[100, 200, 200]
[100, 200, 200]
[100, 200, 200]
(51, 102, 255)
(51, 102, 255)
(51, 102, 255)
(51, 102, 255)
(51, 102, 255)
(51, 102, 255)
(51, 102, 255)
(51, 102, 255)
[100, 200, 200]
[100, 200, 200]
[100, 200, 200]
[100, 200, 200]
(51, 102, 255)
(51, 102, 255)
(51, 102, 255)
(51, 102, 255)
(51, 102, 255)
(51, 102, 255)
(51, 102, 255)
(51, 102, 255)
[100, 200, 200]
[100, 200, 200]
[100, 200, 200]
[100, 200, 200]
[100, 200, 200]
(51, 102, 255)
(51, 102, 255)
(51, 102, 255)
(51, 102, 255)
(51, 102, 255)
(51, 102, 255)
(51, 102, 255)
[100, 200, 200]
[100, 200, 200]
[100, 200, 200]
[100, 200, 200]
[100, 200, 200]
(51, 102, 255)
(51, 102, 255)
(51, 102, 255)
(51, 102, 255)
(51, 102, 255)
(51, 102, 255)
(51, 102, 255)
[100, 200, 200]
[100, 200, 200]
[100, 200, 200]
[100, 200, 200]
(51, 102, 255)
(51, 102, 255)
(51, 102, 255)
(51, 102, 255)
(51, 102, 255)
(51, 102, 255)
(51, 102, 255)
(51, 102, 255)
